6026,25
6069,26
6076,9
6073,11
6090,38
6075,5
6030,6
6076,16
5936,91
6178,3
6090,32
6003,46
5980,55
6074,3
6083,2
5979,3
6076,35
6068,59
6059,19
5957,51
6061,5
6003,14
6189,4
5992,19
6091,20
6180,4
5949,12
6189,28
6075,34
6024,31
6039,3
6187,26
6187,4
6043,1
6102,3
6187,17
5477,96
6029,12
5956,36
6069,16
6068,57
6057,43
6053,4
6086,43
6043,81
6077,43
5982,13
6177,52
6177,48
6075,17
5950,18
6180,10
6087,13
6087,45
6178,50
6096,2
6017,17
6039,1
5953,43
6104,30
6104,13
6091,12
6038,36
6083,13
5972,5
6026,2
6024,2
5935,3
6090,2
6077,8
6198,2
5980,1
5980,3
6090,4
6074,10
5940,2
6187,3
6078,11
5976,2
6017,2
6177,3
6068,3
5958,1
5982,2
6069,2
6104,3
6058,3
6061,16
6004,64
5957,39
5949,1
5950,96
6053,13
5943,3
6063,40
5950,1
6061,2
5927,1
6096,3
5963,1
5928,3
6003,7
6073,17
6063,2
6086,13
6039,6
6063,5
5964,1
6104,5
6058,1
6082,2
6087,1
6031,19
6053,2
6001,5
5477,3
5972,3
6061,33
6042,10
5956,1
6043,3
5992,1
6032,2
5993,38
6085,3
6096,5
5982,64
6073,5
6076,22
6188,9
5953,3
6004,2
5958,2
6033,4
6058,4
6170,1
6086,3
6042,72
6001,2
5958,5
6029,35
6076,2
6059,58
6042,1
5992,51
6073,2
6026,3
5991,1
6004,31
6167,2
6003,2
5957,2
5993,2
6033,1
5959,64
5953,1
6187,9
6068,2
5477,10
6085,10
6039,2
5937,3
6075,2
6054,48
6031,22
6029,2
5970,4
5959,2
5949,2
6077,1
5959,1
5945,1
6189,8
6061,3
6054,4
6078,1
6102,2
6031,2
6090,12
5956,13
6091,1
6057,2
5974,4
6109,2
6076,3
6054,37
6187,2
6030,18
6040,1
6069,1
5963,73
5959,7
6104,4
5925,4
5949,7
6086,7
5937,1
5947,104
6053,3
6041,5
6042,2
6090,24
5477,4
5972,2
5964,4
5974,8
5991,4
5979,2
5958,10
6085,4
6057,33
6174,3
6039,8
6003,6
6091,3
6033,5
6086,2
6041,24
6042,31
6003,15
5943,14
6028,30
5993,15
6057,19
6077,4
6040,10
6041,11
6189,25
6069,8
6170,18
6083,3
6054,1
6004,4
5992,2
5477,11
6033,2
5992,40
6082,15
5974,1
5927,2
5963,2
5980,30
5964,3
6043,4
6194,3
6087,5
6028,2
6001,1
5956,30
6106,2
5948,2
6059,1
6087,2
5937,31
6077,2
5943,1
6030,3
5979,1
5945,2
6096,1
5928,1
6031,3
5979,6
5957,1
5972,47
5993,1
6082,13
5950,10
6109,3
6040,2
